I,1,Cog,3.76,14,4,40,12
O,2,Spring,2.3,7,5,20,C1
O,3,Screw,0.11,280,100,1000,CompanyLtd
O,4,part1,1.34,15,2,15,me
I,5,part2,1.23,11,1,11,1
O,6,p3,1.0,11,1,13,ebgef
I,7,p111,1.23,11,2,12,23
O,8,part10,1.51,5,2,19,none
I,10,part11,1.23,1,1,9,123
I,11,part12,1.89,3,1,8,124
O,12,Bujie,200.0,25,10,30,SR Solutions
I,13,M,1.0,2,1,10,100
I,14,Piulita,9.5,10,5,10,202
I,15,Ax,10.0,5,5,10,101
I,16,Rotor,50.0,18,10,20,606
I,17,Motoras,20.0,7,5,15,505
I,18,Surubelnita,20.0,7,5,15,505
I,19,Freze,20.0,7,5,15,505
